
	Trial License -- for use to evaluate programs for possible purchase as an end-user only.

>> a = magic(37)

a =

  Columns 1 through 8

         705         744         783         822         861         900         939         978
         743         782         821         860         899         938         977        1016
         781         820         859         898         937         976        1015        1054
         819         858         897         936         975        1014        1053        1092
         857         896         935         974        1013        1052        1091        1130
         895         934         973        1012        1051        1090        1129        1168
         933         972        1011        1050        1089        1128        1167        1206
         971        1010        1049        1088        1127        1166        1205        1244
        1009        1048        1087        1126        1165        1204        1243        1282
        1047        1086        1125        1164        1203        1242        1281        1320
        1085        1124        1163        1202        1241        1280        1319        1358
        1123        1162        1201        1240        1279        1318        1357          27
        1161        1200        1239        1278        1317        1356          26          65
        1199        1238        1277        1316        1355          25          64         103
        1237        1276        1315        1354          24          63         102         141
        1275        1314        1353          23          62         101         140         179
        1313        1352          22          61         100         139         178         217
        1351          21          60          99         138         177         216         255
          20          59          98         137         176         215         254         293
          58          97         136         175         214         253         292         331
          96         135         174         213         252         291         330         369
         134         173         212         251         290         329         368         407
         172         211         250         289         328         367         406         408
         210         249         288         327         366         405         444         446
         248         287         326         365         404         443         445         484
         286         325         364         403         442         481         483         522
         324         363         402         441         480         482         521         560
         362         401         440         479         518         520         559         598
         400         439         478         517         519         558         597         636
         438         477         516         555         557         596         635         674
         476         515         554         556         595         634         673         712
         514         553         592         594         633         672         711         750
         552         591         593         632         671         710         749         788
         590         629         631         670         709         748         787         826
         628         630         669         708         747         786         825         864
         666         668         707         746         785         824         863         902
         667         706         745         784         823         862         901         940

  Columns 9 through 16

        1017        1056        1095        1134        1173        1212        1251        1290
        1055        1094        1133        1172        1211        1250        1289        1328
        1093        1132        1171        1210        1249        1288        1327        1366
        1131        1170        1209        1248        1287        1326        1365          35
        1169        1208        1247        1286        1325        1364          34          73
        1207        1246        1285        1324        1363          33          72         111
        1245        1284        1323        1362          32          71         110         112
        1283        1322        1361          31          70         109         148         150
        1321        1360          30          69         108         147         149         188
        1359          29          68         107         146         185         187         226
          28          67         106         145         184         186         225         264
          66         105         144         183         222         224         263         302
         104         143         182         221         223         262         301         340
         142         181         220         259         261         300         339         378
         180         219         258         260         299         338         377         416
         218         257         296         298         337         376         415         454
         256         295         297         336         375         414         453         492
         294         333         335         374         413         452         491         530
         332         334         373         412         451         490         529         568
         370         372         411         450         489         528         567         606
         371         410         449         488         527         566         605         644
         409         448         487         526         565         604         643         682
         447         486         525         564         603         642         681         720
         485         524         563         602         641         680         719         758
         523         562         601         640         679         718         757         796
         561         600         639         678         717         756         795         834
         599         638         677         716         755         794         833         872
         637         676         715         754         793         832         871         910
         675         714         753         792         831         870         909         948
         713         752         791         830         869         908         947         986
         751         790         829         868         907         946         985        1024
         789         828         867         906         945         984        1023        1062
         827         866         905         944         983        1022        1061        1100
         865         904         943         982        1021        1060        1099        1138
         903         942         981        1020        1059        1098        1137        1176
         941         980        1019        1058        1097        1136        1175        1214
         979        1018        1057        1096        1135        1174        1213        1252

  Columns 17 through 24

        1329        1368           1          40          79         118         157         196
        1367          37          39          78         117         156         195         234
          36          38          77         116         155         194         233         272
          74          76         115         154         193         232         271         310
          75         114         153         192         231         270         309         348
         113         152         191         230         269         308         347         386
         151         190         229         268         307         346         385         424
         189         228         267         306         345         384         423         462
         227         266         305         344         383         422         461         500
         265         304         343         382         421         460         499         538
         303         342         381         420         459         498         537         576
         341         380         419         458         497         536         575         614
         379         418         457         496         535         574         613         652
         417         456         495         534         573         612         651         690
         455         494         533         572         611         650         689         728
         493         532         571         610         649         688         727         766
         531         570         609         648         687         726         765         804
         569         608         647         686         725         764         803         842
         607         646         685         724         763         802         841         880
         645         684         723         762         801         840         879         918
         683         722         761         800         839         878         917         956
         721         760         799         838         877         916         955         994
         759         798         837         876         915         954         993        1032
         797         836         875         914         953         992        1031        1070
         835         874         913         952         991        1030        1069        1108
         873         912         951         990        1029        1068        1107        1146
         911         950         989        1028        1067        1106        1145        1184
         949         988        1027        1066        1105        1144        1183        1185
         987        1026        1065        1104        1143        1182        1221        1223
        1025        1064        1103        1142        1181        1220        1222        1261
        1063        1102        1141        1180        1219        1258        1260        1299
        1101        1140        1179        1218        1257        1259        1298        1337
        1139        1178        1217        1256        1295        1297        1336           6
        1177        1216        1255        1294        1296        1335           5          44
        1215        1254        1293        1332        1334           4          43          82
        1253        1292        1331        1333           3          42          81         120
        1291        1330        1369           2          41          80         119         158

  Columns 25 through 32

         235         274         313         352         391         430         469         508
         273         312         351         390         429         468         507         546
         311         350         389         428         467         506         545         584
         349         388         427         466         505         544         583         622
         387         426         465         504         543         582         621         660
         425         464         503         542         581         620         659         698
         463         502         541         580         619         658         697         736
         501         540         579         618         657         696         735         774
         539         578         617         656         695         734         773         812
         577         616         655         694         733         772         811         850
         615         654         693         732         771         810         849         888
         653         692         731         770         809         848         887         889
         691         730         769         808         847         886         925         927
         729         768         807         846         885         924         926         965
         767         806         845         884         923         962         964        1003
         805         844         883         922         961         963        1002        1041
         843         882         921         960         999        1001        1040        1079
         881         920         959         998        1000        1039        1078        1117
         919         958         997        1036        1038        1077        1116        1155
         957         996        1035        1037        1076        1115        1154        1193
         995        1034        1073        1075        1114        1153        1192        1231
        1033        1072        1074        1113        1152        1191        1230        1269
        1071        1110        1112        1151        1190        1229        1268        1307
        1109        1111        1150        1189        1228        1267        1306        1345
        1147        1149        1188        1227        1266        1305        1344          14
        1148        1187        1226        1265        1304        1343          13          52
        1186        1225        1264        1303        1342          12          51          90
        1224        1263        1302        1341          11          50          89         128
        1262        1301        1340          10          49          88         127         166
        1300        1339           9          48          87         126         165         204
        1338           8          47          86         125         164         203         242
           7          46          85         124         163         202         241         280
          45          84         123         162         201         240         279         318
          83         122         161         200         239         278         317         356
         121         160         199         238         277         316         355         394
         159         198         237         276         315         354         393         432
         197         236         275         314         353         392         431         470

  Columns 33 through 37

         547         586         625         664         703
         585         624         663         702         704
         623         662         701         740         742
         661         700         739         741         780
         699         738         777         779         818
         737         776         778         817         856
         775         814         816         855         894
         813         815         854         893         932
         851         853         892         931         970
         852         891         930         969        1008
         890         929         968        1007        1046
         928         967        1006        1045        1084
         966        1005        1044        1083        1122
        1004        1043        1082        1121        1160
        1042        1081        1120        1159        1198
        1080        1119        1158        1197        1236
        1118        1157        1196        1235        1274
        1156        1195        1234        1273        1312
        1194        1233        1272        1311        1350
        1232        1271        1310        1349          19
        1270        1309        1348          18          57
        1308        1347          17          56          95
        1346          16          55          94         133
          15          54          93         132         171
          53          92         131         170         209
          91         130         169         208         247
         129         168         207         246         285
         167         206         245         284         323
         205         244         283         322         361
         243         282         321         360         399
         281         320         359         398         437
         319         358         397         436         475
         357         396         435         474         513
         395         434         473         512         551
         433         472         511         550         589
         471         510         549         588         627
         509         548         587         626         665

>> b = max(a)

b =

  Columns 1 through 9

        1351        1352        1353        1354        1355        1356        1357        1358        1359

  Columns 10 through 18

        1360        1361        1362        1363        1364        1365        1366        1367        1368

  Columns 19 through 27

        1369        1333        1334        1335        1336        1337        1338        1339        1340

  Columns 28 through 36

        1341        1342        1343        1344        1345        1346        1347        1348        1349

  Column 37

        1350

>> c = min(a)

c =

  Columns 1 through 20

    20    21    22    23    24    25    26    27    28    29    30    31    32    33    34    35    36    37     1     2

  Columns 21 through 37

     3     4     5     6     7     8     9    10    11    12    13    14    15    16    17    18    19

>> d = mean(b)

d =

        1351

>> e = mean(c)

e =

    19

>> f = a(7,:)

f =

  Columns 1 through 10

         933         972        1011        1050        1089        1128        1167        1206        1245        1284

  Columns 11 through 20

        1323        1362          32          71         110         112         151         190         229         268

  Columns 21 through 30

         307         346         385         424         463         502         541         580         619         658

  Columns 31 through 37

         697         736         775         814         816         855         894

>> g = sum(f)

g =

       25345

>> a = rand(10,10)

a =

    0.8147    0.1576    0.6557    0.7060    0.4387    0.2760    0.7513    0.8407    0.3517    0.0759
    0.9058    0.9706    0.0357    0.0318    0.3816    0.6797    0.2551    0.2543    0.8308    0.0540
    0.1270    0.9572    0.8491    0.2769    0.7655    0.6551    0.5060    0.8143    0.5853    0.5308
    0.9134    0.4854    0.9340    0.0462    0.7952    0.1626    0.6991    0.2435    0.5497    0.7792
    0.6324    0.8003    0.6787    0.0971    0.1869    0.1190    0.8909    0.9293    0.9172    0.9340
    0.0975    0.1419    0.7577    0.8235    0.4898    0.4984    0.9593    0.3500    0.2858    0.1299
    0.2785    0.4218    0.7431    0.6948    0.4456    0.9597    0.5472    0.1966    0.7572    0.5688
    0.5469    0.9157    0.3922    0.3171    0.6463    0.3404    0.1386    0.2511    0.7537    0.4694
    0.9575    0.7922    0.6555    0.9502    0.7094    0.5853    0.1493    0.6160    0.3804    0.0119
    0.9649    0.9595    0.1712    0.0344    0.7547    0.2238    0.2575    0.4733    0.5678    0.3371

>> a = randn(10,10)

a =

   -1.7947   -0.1941   -1.2078   -2.0518   -0.2991    0.9642   -0.5890    0.7914    0.8620   -0.0679
    0.8404   -2.1384    2.9080   -0.3538    0.0229    0.5201   -0.2938   -1.3320   -1.3617   -0.1952
   -0.8880   -0.8396    0.8252   -0.8236   -0.2620   -0.0200   -0.8479   -2.3299    0.4550   -0.2176
    0.1001    1.3546    1.3790   -1.5771   -1.7502   -0.0348   -1.1201   -1.4491   -0.8487   -0.3031
   -0.5445   -1.0722   -1.0582    0.5080   -0.2857   -0.7982    2.5260    0.3335   -0.3349    0.0230
    0.3035    0.9610   -0.4686    0.2820   -0.8314    1.0187    1.6555    0.3914    0.5528    0.0513
   -0.6003    0.1240   -0.2725    0.0335   -0.9792   -0.1332    0.3075    0.4517    1.0391    0.8261
    0.4900    1.4367    1.0984   -1.3337   -1.1564   -0.7145   -1.2571   -0.1303   -1.1176    1.5270
    0.7394   -1.9609   -0.2779    1.1275   -0.5336    1.3514   -0.8655    0.1837    1.2607    0.4669
    1.7119   -0.1977    0.7015    0.3502   -2.0026   -0.2248   -0.1765   -0.4762    0.6601   -0.2097

>> b = randn(10,10)

b =

    0.6252   -0.1461   -0.2490    0.4434    1.2424    0.0414    0.3376    0.6524   -0.0549   -1.6118
    0.1832   -0.5320   -1.0642    0.3919   -1.0667   -0.7342    1.0001    0.3271    0.9111   -0.0245
   -1.0298    1.6821    1.6035   -1.2507    0.9337   -0.0308   -1.6642    1.0826    0.5946   -1.9488
    0.9492   -0.8757    1.2347   -0.9480    0.3503    0.2323   -0.5900    1.0061    0.3502    1.0205
    0.3071   -0.4838   -0.2296   -0.7411   -0.0290    0.4264   -0.2781   -0.6509    1.2503    0.8617
    0.1352   -0.7120   -1.5062   -0.5078    0.1825   -0.3728    0.4227    0.2571    0.9298    0.0012
    0.5152   -1.1742   -0.4446   -0.3206   -1.5651   -0.2365   -1.6702   -0.9444    0.2398   -0.0708
    0.2614   -0.1922   -0.1559    0.0125   -0.0845    2.0237    0.4716   -1.3218   -0.6904   -2.4863
   -0.9415   -0.2741    0.2761   -3.0292    1.6039   -2.2584   -1.2128    0.9248   -0.6516    0.5812
   -0.1623    1.5301   -0.2612   -0.4570    0.0983    2.2294    0.0662    0.0000    1.1921   -2.1924

>> c = a + b

c =

   -1.1695   -0.3402   -1.4569   -1.6084    0.9434    1.0056   -0.2515    1.4438    0.8071   -1.6797
    1.0236   -2.6704    1.8438    0.0380   -1.0438   -0.2141    0.7063   -1.0049   -0.4506   -0.2197
   -1.9178    0.8425    2.4287   -2.0743    0.6717   -0.0508   -2.5121   -1.2472    1.0496   -2.1665
    1.0493    0.4789    2.6137   -2.5250   -1.3999    0.1976   -1.7102   -0.4430   -0.4985    0.7174
   -0.2375   -1.5560   -1.2878   -0.2331   -0.3147   -0.3718    2.2479   -0.3174    0.9154    0.8848
    0.4387    0.2489   -1.9748   -0.2258   -0.6489    0.6459    2.0782    0.6484    1.4826    0.0525
   -0.0851   -1.0502   -0.7171   -0.2871   -2.5443   -0.3697   -1.3627   -0.4927    1.2789    0.7552
    0.7514    1.2445    0.9425   -1.3212   -1.2409    1.3092   -0.7855   -1.4521   -1.8080   -0.9593
   -0.2021   -2.2350   -0.0018   -1.9017    1.0704   -0.9070   -2.0783    1.1085    0.6091    1.0481
    1.5496    1.3324    0.4404   -0.1068   -1.9043    2.0047   -0.1103   -0.4761    1.8522   -2.4021

>> c = triu(c)

c =

   -1.1695   -0.3402   -1.4569   -1.6084    0.9434    1.0056   -0.2515    1.4438    0.8071   -1.6797
         0   -2.6704    1.8438    0.0380   -1.0438   -0.2141    0.7063   -1.0049   -0.4506   -0.2197
         0         0    2.4287   -2.0743    0.6717   -0.0508   -2.5121   -1.2472    1.0496   -2.1665
         0         0         0   -2.5250   -1.3999    0.1976   -1.7102   -0.4430   -0.4985    0.7174
         0         0         0         0   -0.3147   -0.3718    2.2479   -0.3174    0.9154    0.8848
         0         0         0         0         0    0.6459    2.0782    0.6484    1.4826    0.0525
         0         0         0         0         0         0   -1.3627   -0.4927    1.2789    0.7552
         0         0         0         0         0         0         0   -1.4521   -1.8080   -0.9593
         0         0         0         0         0         0         0         0    0.6091    1.0481
         0         0         0         0         0         0         0         0         0   -2.4021

>> k = rank(c)

k =

    10

>> Det = det(c)

Det =

  -11.2683

>> a = rand(1, 122)

a =

  Columns 1 through 12

    0.0714    0.5216    0.0967    0.8181    0.8175    0.7224    0.1499    0.6596    0.5186    0.9730    0.6490    0.8003

  Columns 13 through 24

    0.4538    0.4324    0.8253    0.0835    0.1332    0.1734    0.3909    0.8314    0.8034    0.0605    0.3993    0.5269

  Columns 25 through 36

    0.4168    0.6569    0.6280    0.2920    0.4317    0.0155    0.9841    0.1672    0.1062    0.3724    0.1981    0.4897

  Columns 37 through 48

    0.3395    0.9516    0.9203    0.0527    0.7379    0.2691    0.4228    0.5479    0.9427    0.4177    0.9831    0.3015

  Columns 49 through 60

    0.7011    0.6663    0.5391    0.6981    0.6665    0.1781    0.1280    0.9991    0.1711    0.0326    0.5612    0.8819

  Columns 61 through 72

    0.6692    0.1904    0.3689    0.4607    0.9816    0.1564    0.8555    0.6448    0.3763    0.1909    0.4283    0.4820

  Columns 73 through 84

    0.1206    0.5895    0.2262    0.3846    0.5830    0.2518    0.2904    0.6171    0.2653    0.8244    0.9827    0.7302

  Columns 85 through 96

    0.3439    0.5841    0.1078    0.9063    0.8797    0.8178    0.2607    0.5944    0.0225    0.4253    0.3127    0.1615

  Columns 97 through 108

    0.1788    0.4229    0.0942    0.5985    0.4709    0.6959    0.6999    0.6385    0.0336    0.0688    0.3196    0.5309

  Columns 109 through 120

    0.6544    0.4076    0.8200    0.7184    0.9686    0.5313    0.3251    0.1056    0.6110    0.7788    0.4235    0.0908

  Columns 121 through 122

    0.2665    0.1537

>> b = rand(1, 122)

b =

  Columns 1 through 12

    0.2810    0.4401    0.5271    0.4574    0.8754    0.5181    0.9436    0.6377    0.9577    0.2407    0.6761    0.2891

  Columns 13 through 24

    0.6718    0.6951    0.0680    0.2548    0.2240    0.6678    0.8444    0.3445    0.7805    0.6753    0.0067    0.6022

  Columns 25 through 36

    0.3868    0.9160    0.0012    0.4624    0.4243    0.4609    0.7702    0.3225    0.7847    0.4714    0.0358    0.1759

  Columns 37 through 48

    0.7218    0.4735    0.1527    0.3411    0.6074    0.1917    0.7384    0.2428    0.9174    0.2691    0.7655    0.1887

  Columns 49 through 60

    0.2875    0.0911    0.5762    0.6834    0.5466    0.4257    0.6444    0.6476    0.6790    0.6358    0.9452    0.2089

  Columns 61 through 72

    0.7093    0.2362    0.1194    0.6073    0.4501    0.4587    0.6619    0.7703    0.3502    0.6620    0.4162    0.8419

  Columns 73 through 84

    0.8329    0.2564    0.6135    0.5822    0.5407    0.8699    0.2648    0.3181    0.1192    0.9398    0.6456    0.4795

  Columns 85 through 96

    0.6393    0.5447    0.6473    0.5439    0.7210    0.5225    0.9937    0.2187    0.1058    0.1097    0.0636    0.4046

  Columns 97 through 108

    0.4484    0.3658    0.7635    0.6279    0.7720    0.9329    0.9727    0.1920    0.1389    0.6963    0.0938    0.5254

  Columns 109 through 120

    0.5303    0.8611    0.4849    0.3935    0.6714    0.7413    0.5201    0.3477    0.1500    0.5861    0.2621    0.0445

  Columns 121 through 122

    0.7549    0.2428

>> a = sort(a)

a =

  Columns 1 through 12

    0.0155    0.0225    0.0326    0.0336    0.0527    0.0605    0.0688    0.0714    0.0835    0.0908    0.0942    0.0967

  Columns 13 through 24

    0.1056    0.1062    0.1078    0.1206    0.1280    0.1332    0.1499    0.1537    0.1564    0.1615    0.1672    0.1711

  Columns 25 through 36

    0.1734    0.1781    0.1788    0.1904    0.1909    0.1981    0.2262    0.2518    0.2607    0.2653    0.2665    0.2691

  Columns 37 through 48

    0.2904    0.2920    0.3015    0.3127    0.3196    0.3251    0.3395    0.3439    0.3689    0.3724    0.3763    0.3846

  Columns 49 through 60

    0.3909    0.3993    0.4076    0.4168    0.4177    0.4228    0.4229    0.4235    0.4253    0.4283    0.4317    0.4324

  Columns 61 through 72

    0.4538    0.4607    0.4709    0.4820    0.4897    0.5186    0.5216    0.5269    0.5309    0.5313    0.5391    0.5479

  Columns 73 through 84

    0.5612    0.5830    0.5841    0.5895    0.5944    0.5985    0.6110    0.6171    0.6280    0.6385    0.6448    0.6490

  Columns 85 through 96

    0.6544    0.6569    0.6596    0.6663    0.6665    0.6692    0.6959    0.6981    0.6999    0.7011    0.7184    0.7224

  Columns 97 through 108

    0.7302    0.7379    0.7788    0.8003    0.8034    0.8175    0.8178    0.8181    0.8200    0.8244    0.8253    0.8314

  Columns 109 through 120

    0.8555    0.8797    0.8819    0.9063    0.9203    0.9427    0.9516    0.9686    0.9730    0.9816    0.9827    0.9831

  Columns 121 through 122

    0.9841    0.9991

>> b = sort(b, 'descend')

b =

  Columns 1 through 12

    0.9937    0.9727    0.9577    0.9452    0.9436    0.9398    0.9329    0.9174    0.9160    0.8754    0.8699    0.8611

  Columns 13 through 24

    0.8444    0.8419    0.8329    0.7847    0.7805    0.7720    0.7703    0.7702    0.7655    0.7635    0.7549    0.7413

  Columns 25 through 36

    0.7384    0.7218    0.7210    0.7093    0.6963    0.6951    0.6834    0.6790    0.6761    0.6753    0.6718    0.6714

  Columns 37 through 48

    0.6678    0.6620    0.6619    0.6476    0.6473    0.6456    0.6444    0.6393    0.6377    0.6358    0.6279    0.6135

  Columns 49 through 60

    0.6074    0.6073    0.6022    0.5861    0.5822    0.5762    0.5466    0.5447    0.5439    0.5407    0.5303    0.5271

  Columns 61 through 72

    0.5254    0.5225    0.5201    0.5181    0.4849    0.4795    0.4735    0.4714    0.4624    0.4609    0.4587    0.4574

  Columns 73 through 84

    0.4501    0.4484    0.4401    0.4257    0.4243    0.4162    0.4046    0.3935    0.3868    0.3658    0.3502    0.3477

  Columns 85 through 96

    0.3445    0.3411    0.3225    0.3181    0.2891    0.2875    0.2810    0.2691    0.2648    0.2621    0.2564    0.2548

  Columns 97 through 108

    0.2428    0.2428    0.2407    0.2362    0.2240    0.2187    0.2089    0.1920    0.1917    0.1887    0.1759    0.1527

  Columns 109 through 120

    0.1500    0.1389    0.1194    0.1192    0.1097    0.1058    0.0938    0.0911    0.0680    0.0636    0.0445    0.0358

  Columns 121 through 122

    0.0067    0.0012

>> c = a - b

c =

  Columns 1 through 12

   -0.9782   -0.9502   -0.9251   -0.9116   -0.8909   -0.8794   -0.8640   -0.8460   -0.8325   -0.7845   -0.7757   -0.7644

  Columns 13 through 24

   -0.7388   -0.7357   -0.7251   -0.6641   -0.6525   -0.6388   -0.6204   -0.6165   -0.6091   -0.6020   -0.5878   -0.5701

  Columns 25 through 36

   -0.5650   -0.5436   -0.5423   -0.5188   -0.5053   -0.4970   -0.4572   -0.4272   -0.4154   -0.4101   -0.4053   -0.4023

  Columns 37 through 48

   -0.3774   -0.3700   -0.3605   -0.3349   -0.3277   -0.3204   -0.3049   -0.2954   -0.2688   -0.2634   -0.2516   -0.2288

  Columns 49 through 60

   -0.2165   -0.2080   -0.1946   -0.1693   -0.1645   -0.1534   -0.1237   -0.1213   -0.1186   -0.1125   -0.0987   -0.0948

  Columns 61 through 72

   -0.0716   -0.0618   -0.0491   -0.0360    0.0048    0.0391    0.0482    0.0555    0.0684    0.0704    0.0804    0.0904

  Columns 73 through 84

    0.1111    0.1346    0.1440    0.1638    0.1700    0.1824    0.2064    0.2236    0.2412    0.2727    0.2945    0.3013

  Columns 85 through 96

    0.3100    0.3157    0.3371    0.3483    0.3775    0.3817    0.4149    0.4290    0.4351    0.4390    0.4619    0.4676

  Columns 97 through 108

    0.4874    0.4951    0.5381    0.5641    0.5793    0.5989    0.6088    0.6261    0.6282    0.6357    0.6494    0.6787

  Columns 109 through 120

    0.7055    0.7408    0.7625    0.7871    0.8106    0.8369    0.8578    0.8775    0.9050    0.9180    0.9382    0.9473

  Columns 121 through 122

    0.9773    0.9979

>> c = abs(c)

c =

  Columns 1 through 12

    0.9782    0.9502    0.9251    0.9116    0.8909    0.8794    0.8640    0.8460    0.8325    0.7845    0.7757    0.7644

  Columns 13 through 24

    0.7388    0.7357    0.7251    0.6641    0.6525    0.6388    0.6204    0.6165    0.6091    0.6020    0.5878    0.5701

  Columns 25 through 36

    0.5650    0.5436    0.5423    0.5188    0.5053    0.4970    0.4572    0.4272    0.4154    0.4101    0.4053    0.4023

  Columns 37 through 48

    0.3774    0.3700    0.3605    0.3349    0.3277    0.3204    0.3049    0.2954    0.2688    0.2634    0.2516    0.2288

  Columns 49 through 60

    0.2165    0.2080    0.1946    0.1693    0.1645    0.1534    0.1237    0.1213    0.1186    0.1125    0.0987    0.0948

  Columns 61 through 72

    0.0716    0.0618    0.0491    0.0360    0.0048    0.0391    0.0482    0.0555    0.0684    0.0704    0.0804    0.0904

  Columns 73 through 84

    0.1111    0.1346    0.1440    0.1638    0.1700    0.1824    0.2064    0.2236    0.2412    0.2727    0.2945    0.3013

  Columns 85 through 96

    0.3100    0.3157    0.3371    0.3483    0.3775    0.3817    0.4149    0.4290    0.4351    0.4390    0.4619    0.4676

  Columns 97 through 108

    0.4874    0.4951    0.5381    0.5641    0.5793    0.5989    0.6088    0.6261    0.6282    0.6357    0.6494    0.6787

  Columns 109 through 120

    0.7055    0.7408    0.7625    0.7871    0.8106    0.8369    0.8578    0.8775    0.9050    0.9180    0.9382    0.9473

  Columns 121 through 122

    0.9773    0.9979

>> aver = mean(c)

aver =

    0.4617

>> o = 15

o =

    15

>> o = 15
r = 18
l = 12
o = 15
v = 22
orlov = o+r+l+o+v
orlov = dec2hex(orlov)

o =

    15


r =

    18


l =

    12


o =

    15


v =

    22


orlov =

    82


orlov =

    '52'

>> ezplot('22*x^2 - 44*x + 1', [0,10])
hold on
ezplot('x^2 - 66*x + 2', [0,10])
ezplot('x^2 - 44*x + 22', [0,10])
>> a = rand(10)*10

a =

    4.4240    4.2431    7.5508    1.6725    8.2558    4.9501    9.8891    9.0085    7.2975    4.8430
    6.8780    2.7027    3.7740    8.6198    7.8996    1.4761    0.0052    5.7466    8.9075    8.4486
    3.5923    1.9705    2.1602    9.8987    3.1852    0.5497    8.6544    8.4518    9.8230    2.0941
    7.3634    8.2172    7.9041    5.1442    5.3406    8.5071    6.1257    7.3864    7.6903    5.5229
    3.9471    4.2992    9.4930    8.8428    0.8995    5.6056    9.8995    5.8599    5.8145    6.2988
    6.8342    8.8777    3.2757    5.8803    1.1171    9.2961    5.2768    2.4673    9.2831    0.3199
    7.0405    3.9118    6.7126    1.5475    1.3629    6.9667    4.7952    6.6642    5.8009    6.1471
    4.4231    7.6911    4.3864    1.9986    6.7865    5.8279    8.0135    0.8348    0.1698    3.6241
    0.1958    3.9679    8.3350    4.0695    4.9518    8.1540    2.2784    6.2596    1.2086    0.4953
    3.3086    8.0851    7.6885    7.4871    1.8971    8.7901    4.9809    6.6094    8.6271    4.8957

>> b = diagonalSum(a)
Unrecognized function or variable 'diagonalSum'.
 
>> b = sum_diag(a)
Unrecognized function or variable 'sum_diag'.
 
>> b = sum_diag(a)
Unrecognized function or variable 'sum_diag'.
 
>> max_min_sum
Not enough input arguments.

Error in max_min_sum (line 2)
    a=max(x);
 
>> max_min_sum
Not enough input arguments.

Error in max_min_sum (line 2)
    a=max(x);
 
>> max_min_sum(x)
Unrecognized function or variable 'x'.
 
>> max_min_sum(x)
Unrecognized function or variable 'x'.
 
Not enough input arguments.

Error in max_min_sum (line 2)
    a=max(x);
 
>> max_min_sum(x)
Unrecognized function or variable 'x'.
 
>> max_min_sum(x)
Unrecognized function or variable 'x'.
 
>> max_min_sum(a)
>> 
>> b = max_min_sum(a)
Output argument "f" (and possibly others) not assigned a value in the execution with "max_min_sum" function.
 
>> b = max_min_sum(a)

b =

    9.9047

>> b = sum_diag(a)
Unrecognized function or variable 'sum_diag'.
 
>> max_min_sum(x)
Unrecognized function or variable 'x'.
 
>> b = max_min_sum(a)

b =

    9.9047

>> b = sum_diag(a)
Unrecognized function or variable 'sum_diag'.
 
>> sum_diag(x)
Unrecognized function or variable 'x'.
 
>> b = sum_diag(a)
Unrecognized function or variable 'sum_diag'.
 
>> sum_diag(x)
Unrecognized function or variable 'x'.
 
>> sum_diag(x)
Unrecognized function or variable 'x'.
 
>> sum_diag(b)
Unrecognized function or variable 'sum_diag'.
 
>> sum_diag(x)
Unrecognized function or variable 'x'.
 
>> a

a =

    4.4240    4.2431    7.5508    1.6725    8.2558    4.9501    9.8891    9.0085    7.2975    4.8430
    6.8780    2.7027    3.7740    8.6198    7.8996    1.4761    0.0052    5.7466    8.9075    8.4486
    3.5923    1.9705    2.1602    9.8987    3.1852    0.5497    8.6544    8.4518    9.8230    2.0941
    7.3634    8.2172    7.9041    5.1442    5.3406    8.5071    6.1257    7.3864    7.6903    5.5229
    3.9471    4.2992    9.4930    8.8428    0.8995    5.6056    9.8995    5.8599    5.8145    6.2988
    6.8342    8.8777    3.2757    5.8803    1.1171    9.2961    5.2768    2.4673    9.2831    0.3199
    7.0405    3.9118    6.7126    1.5475    1.3629    6.9667    4.7952    6.6642    5.8009    6.1471
    4.4231    7.6911    4.3864    1.9986    6.7865    5.8279    8.0135    0.8348    0.1698    3.6241
    0.1958    3.9679    8.3350    4.0695    4.9518    8.1540    2.2784    6.2596    1.2086    0.4953
    3.3086    8.0851    7.6885    7.4871    1.8971    8.7901    4.9809    6.6094    8.6271    4.8957

>> x = sum_diag(a)
Unrecognized function or variable 'sum_diag'.
 
>> sum_diag
Not enough input arguments.

Error in sum_diag (line 2)
    a = diag(x);
 
>> x = sum_diag(a)

x =

   84.6222

>> 